=== 테스트 케이스 1: 작은 배열 ===
입력: [4, 3, 2, 7, 8, 2, 3, 1]

방법1 (Brute Force): [2, 3]
방법2 (Sorting): [2, 3]
방법3 (Hash): [2, 3]

=== 테스트 케이스 2: 성능 비교 (n=1000) ===
방법1 (O(n²)): [1, 2, 4, 5, 11, 13, 14, 15, 17, 20, 21, 23, 24, 26, 30, 31, 32, 33, 35, 36, 37, 38, 39, 41, 42, 44, 48, 50, 51, 52, 53, 55, 56, 58, 60, 62, 64, 66, 68, 69, 71, 72, 76, 79, 80, 81, 82, 83, 84, 85, 91, 92, 94, 98, 99, 102, 103, 105, 108, 109, 110, 112, 113, 115, 116, 117, 118, 120, 121, 122, 123, 125, 126, 127, 128, 129, 134, 135, 136, 137, 140, 141, 142, 143, 146, 147, 151, 152, 153, 154, 155, 158, 159, 161, 162, 168, 170, 171, 172, 173, 174, 175, 177, 180, 182, 184, 186, 187, 190, 192, 195, 196, 197, 198, 200, 203, 205, 206, 207, 208, 209, 211, 213, 215, 216, 217, 219, 220, 221, 223, 224, 225, 227, 230, 233, 234, 235, 236, 237, 238, 239, 240, 243, 244, 245, 249, 250, 251, 259, 260, 261, 262, 264, 267, 271, 272, 274, 275, 276, 277, 278, 280, 281, 282, 283, 284, 286, 287, 288, 289, 291, 292, 295, 296, 297, 299, 300, 302, 305, 306, 309, 310, 311, 312, 314, 318, 319, 321, 322, 325, 326, 327, 328, 329, 330, 331, 333, 335, 336, 338, 339, 340, 341, 342, 343, 344, 345, 346, 347, 348, 349, 350, 352, 353, 354, 357, 360, 361, 362, 363, 366, 367, 368, 369, 370, 371, 374, 375, 377, 378, 380, 381, 383, 384, 385, 386, 387, 391, 393, 394, 395, 396, 399, 402, 403, 408, 410, 411, 413, 414, 416, 418, 419, 421, 425, 426, 427, 428, 431, 432, 434, 435, 436, 437, 439, 441, 442, 443, 444, 446, 447, 448, 449, 450, 451, 452, 453, 454, 456, 457, 458, 460, 461, 463, 464, 465, 468, 471, 473, 474, 475, 476, 477, 478, 479, 480, 481, 482, 483, 485, 489, 491, 492, 496, 497, 498, 499]

방법2 (O(n log n)): [1, 2, 4, 5, 11, 13, 14, 15, 17, 20, 21, 23, 24, 26, 30, 31, 32, 33, 35, 36, 37, 38, 39, 41, 42, 44, 48, 50, 51, 52, 53, 55, 56, 58, 60, 62, 64, 66, 68, 69, 71, 72, 76, 79, 80, 81, 82, 83, 84, 85, 91, 92, 94, 98, 99, 102, 103, 105, 108, 109, 110, 112, 113, 115, 116, 117, 118, 120, 121, 122, 123, 125, 126, 127, 128, 129, 134, 135, 136, 137, 140, 141, 142, 143, 146, 147, 151, 152, 153, 154, 155, 158, 159, 161, 162, 168, 170, 171, 172, 173, 174, 175, 177, 180, 182, 184, 186, 187, 190, 192, 195, 196, 197, 198, 200, 203, 205, 206, 207, 208, 209, 211, 213, 215, 216, 217, 219, 220, 221, 223, 224, 225, 227, 230, 233, 234, 235, 236, 237, 238, 239, 240, 243, 244, 245, 249, 250, 251, 259, 260, 261, 262, 264, 267, 271, 272, 274, 275, 276, 277, 278, 280, 281, 282, 283, 284, 286, 287, 288, 289, 291, 292, 295, 296, 297, 299, 300, 302, 305, 306, 309, 310, 311, 312, 314, 318, 319, 321, 322, 325, 326, 327, 328, 329, 330, 331, 333, 335, 336, 338, 339, 340, 341, 342, 343, 344, 345, 346, 347, 348, 349, 350, 352, 353, 354, 357, 360, 361, 362, 363, 366, 367, 368, 369, 370, 371, 374, 375, 377, 378, 380, 381, 383, 384, 385, 386, 387, 391, 393, 394, 395, 396, 399, 402, 403, 408, 410, 411, 413, 414, 416, 418, 419, 421, 425, 426, 427, 428, 431, 432, 434, 435, 436, 437, 439, 441, 442, 443, 444, 446, 447, 448, 449, 450, 451, 452, 453, 454, 456, 457, 458, 460, 461, 463, 464, 465, 468, 471, 473, 474, 475, 476, 477, 478, 479, 480, 481, 482, 483, 485, 489, 491, 492, 496, 497, 498, 499]

방법3 (O(n)): [1, 2, 4, 5, 11, 13, 14, 15, 17, 20, 21, 23, 24, 26, 30, 31, 32, 33, 35, 36, 37, 38, 39, 41, 42, 44, 48, 50, 51, 52, 53, 55, 56, 58, 60, 62, 64, 66, 68, 69, 71, 72, 76, 79, 80, 81, 82, 83, 84, 85, 91, 92, 94, 98, 99, 102, 103, 105, 108, 109, 110, 112, 113, 115, 116, 117, 118, 120, 121, 122, 123, 125, 126, 127, 128, 129, 134, 135, 136, 137, 140, 141, 142, 143, 146, 147, 151, 152, 153, 154, 155, 158, 159, 161, 162, 168, 170, 171, 172, 173, 174, 175, 177, 180, 182, 184, 186, 187, 190, 192, 195, 196, 197, 198, 200, 203, 205, 206, 207, 208, 209, 211, 213, 215, 216, 217, 219, 220, 221, 223, 224, 225, 227, 230, 233, 234, 235, 236, 237, 238, 239, 240, 243, 244, 245, 249, 250, 251, 259, 260, 261, 262, 264, 267, 271, 272, 274, 275, 276, 277, 278, 280, 281, 282, 283, 284, 286, 287, 288, 289, 291, 292, 295, 296, 297, 299, 300, 302, 305, 306, 309, 310, 311, 312, 314, 318, 319, 321, 322, 325, 326, 327, 328, 329, 330, 331, 333, 335, 336, 338, 339, 340, 341, 342, 343, 344, 345, 346, 347, 348, 349, 350, 352, 353, 354, 357, 360, 361, 362, 363, 366, 367, 368, 369, 370, 371, 374, 375, 377, 378, 380, 381, 383, 384, 385, 386, 387, 391, 393, 394, 395, 396, 399, 402, 403, 408, 410, 411, 413, 414, 416, 418, 419, 421, 425, 426, 427, 428, 431, 432, 434, 435, 436, 437, 439, 441, 442, 443, 444, 446, 447, 448, 449, 450, 451, 452, 453, 454, 456, 457, 458, 460, 461, 463, 464, 465, 468, 471, 473, 474, 475, 476, 477, 478, 479, 480, 481, 482, 483, 485, 489, 491, 492, 496, 497, 498, 499]

=== 복잡도 분석 요약 ===
방법1 - Brute Force:
  시간: O(n²), 공간: O(k)
  특징: 간단하지만 느림

방법2 - Sorting:
  시간: O(n log n), 공간: O(1)
  특징: 추가 메모리 없이 효율적

방법3 - Hash:
  시간: O(n), 공간: O(n)
  특징: 가장 빠르지만 메모리 사용
